1853690
1838540
1840386
2041717
1844125
1834022
1844548
1841245
1838965
1839689
1841535
1847595
1845835
1850604
1850401
1837843
1837111
1840366
1867632
1857334
1850809
1858921
1855568
1835705
1832028
1830614
1832467
1834404
1841930
1843533
1838911
1834806
1836757
1837446
1840043
1839179
1848091
1845881
1857820
1842282
1843616
1844959
1843119
1844801
1845029
1840655
1844515
1843318
1837636
1844775
1840356
1844783
1841415
1844296
1844084
1845577
1842058
1840050
1839961
1840667
1840617
1841326
1845173
1839275
1838025
1840903
1842266
1839449
1841434
1839865
1836955
1834494
1842375
1840640
1838867
1838211
1839662
1845193
1840134
1841488
1841632
1842823
1844609
1843589
1843408
1840555
1839357
1838994
1842956
1843320
1842657
1843383
1842869
1839786
1842125
1844059
1840191
1840667
1842627
1842114
