2479
2251
2187
2304
2289
2244
2336
2303
2306
2317
2338
2185
2343
2304
2283
2295
2292
2326
2338
2325
2261
2318
2322
2258
2301
2337
2307
2337
2311
2262
2295
2308
2389
2238
2272
2209
2291
2325
2310
2306
2335
2342
2188
2318
2330
2292
2303
2344
2323
2306
2280
2346
2323
2377
2250
2305
2318
2279
2291
2317
2194
2312
2305
2306
2192
2307
2426
2290
2306
2314
2487
2236
2315
2305
2322
2199
2319
2305
2279
2340
2342
2429
2247
2385
2308
2296
2303
2319
2256
2307
2360
2332
2327
2408
2328
2325
2191
2309
2308
2190
