406
655
495
348
359
234
808
179
43
300
332
219
299
249
772
194
129
354
863
169
372
168
343
283
73
302
884
180
1046
856
367
322
287
904
495
199
231
432
763
134
210
737
270
741
915
820
164
688
195
425
420
259
417
526
1163
273
687
284
460
494
216
385
566
656
402
226
367
448
1028
555
140
991
529
429
146
470
164
576
377
381
237
267
324
252
202
1277
544
453
243
506
344
358
564
432
132
197
683
370
292
1211
