183622
184959
184248
183677
184111
184891
183343
183708
183754
184068
183786
183704
183800
183724
183685
183780
183453
184350
184906
184386
184428
183778
183907
184335
183963
183908
183572
183833
183644
184036
184269
183890
184298
183728
183939
183879
184230
183976
183748
183640
183702
183602
184492
183700
183428
183400
184263
183169
183747
183956
184106
184118
184038
183680
184053
183564
185025
183773
184105
183600
184429
183273
184120
183810
183882
184435
183622
183534
183742
184288
184473
183061
183771
183864
183424
183699
183798
183525
184170
183878
183899
184192
184343
183929
183939
183918
184166
204989
191834
195854
193466
199983
184236
191518
186247
185339
186343
189257
186720
183387
