1229
1644
1307
618
3506
2010
1298
3629
540
376
788
2433
514
1653
884
580
2366
900
1056
1149
1005
698
1583
1673
699
1333
1102
1414
1875
1096
807
2385
897
1546
1018
627
1213
1241
990
1599
571
551
2270
628
1138
1289
1044
1556
2811
1554
800
3783
1494
1443
896
726
963
1905
2443
598
648
643
558
835
605
1366
1016
833
367
174
1138
1123
474
1243
337
506
2210
1882
1201
962
5082
160
3350
601
518
2707
1377
656
1250
2250
1393
4203
3543
827
397
242
2021
1794
3562
494
