20328964
20376460
20354711
20355803
20365750
20353788
20353372
20356673
20349111
20364478
20377661
20448384
20356315
20342701
20358039
20339942
20367459
20351872
20362269
20371892
20368697
20363514
20359066
20378736
20356470
20352043
20362672
20359327
20367968
20358878
20370350
20364767
20349308
20352017
20353710
20356335
20374266
20359651
20351000
20351753
20371770
20353048
20353944
20353529
20360615
20363619
20345337
20381135
20363807
20356247
20353355
20345331
20362794
20347361
20362512
20354305
20354324
20356310
20350557
20356729
20354452
20354925
20360085
20355504
20343015
20355647
20363158
20401969
20355006
20368995
20347437
20350566
20340113
20366621
20356426
20360986
20351755
20351928
20371496
20352121
20353891
20348527
20363960
20353162
20358915
20368679
20354630
20352762
20342877
20351570
20360939
20358648
20357484
20364110
20349200
20363199
20367512
20349385
20353179
20346979
