17859
17888
17695
17879
17758
17780
17871
17694
17686
17701
17763
17787
17733
17737
17800
17693
17747
17870
17739
17900
17892
17645
17851
17831
17687
17657
18018
17870
17742
17857
17810
18028
17909
17683
17782
17598
17702
17765
17802
17708
17860
17720
17772
17634
17855
17822
17652
17606
17800
17722
17805
18110
18212
17722
17641
17842
17614
18024
17788
18323
18645
17775
17627
17861
18243
17830
17633
17587
17688
17774
17733
17739
18046
17770
17841
17988
17689
17741
17776
17605
17744
17653
18114
18141
17751
17840
17942
17995
17894
17689
17670
17709
17819
17891
17753
17821
17777
17703
17740
17962
