339
323
312
312
312
314
327
312
312
313
312
312
347
348
347
368
328
348
347
347
347
347
347
346
347
348
347
347
347
348
348
347
329
356
350
347
347
348
347
347
347
348
347
347
412
348
347
347
353
312
311
347
347
348
348
347
347
348
362
344
319
348
346
347
346
348
341
347
346
347
347
347
347
363
347
347
346
347
347
347
349
348
348
311
352
350
350
347
348
348
347
347
346
348
347
347
347
348
347
347
